4096
0.0199779
0.04148
0.0438178
0.00314825
0.0230492
0.0185138
0.00858387
0.00681781
0.00999742
0.0152075
0.00314379
0.0106859
0.000722721
0.00500448
0.00689722
0.00589566
0.00285515
0.00272478
0.0072128
0.00204031
0.0030714
0.00570228
0.00803605
0.00498137
0.0020918
0.00234006
0.00417701
0.00317623
0.000248124
0.00135108
0.00132568
0.000299201
0.0030089
0.00688856
0.00228554
0.0084993
0.00655499
0.00588948
0.00638019
0.00805047
0.00234022
0.00198167
0.00307046
0.00108433
0.000347584
0.000430769
0.0015841
0.00381588
0.000562344
0.00359274
0.00162058
0.000486206
0.000374476
0.00121952
0.00298655
0.00111649
0.00254144
0.000437297
0.000835679
0.000953888
0.000325109
0.00131721
0.00262719
0.000785423
0.00139619
0.00256708
0.00277984
0.00220594
0.000764455
0.00168303
0.00116312
0.00294424
0.00193116
0.00170393
0.00232129
0.00211504
0.000373977
0.00232608
0.00186643
0.0010787
0.00115328
0.00199062
0.00233539
0.000580285
0.00200614
0.00270538
0.00213402
0.00252651
0.00248242
0.00036345
0.00318794
0.00108776
0.000537647
0.000469455
0.000755841
0.00280144
0.00112608
0.00330061
0.00176405
0.00121858
0.0018786
0.00386665
0.000823721
0.00375627
0.00164714
0.000808836
0.00145622
0.00337739
0.0021945
0.00291847
0.000313236
0.00107693
0.000626617
0.0017632
0.00576169
0.00127794
0.00244396
0.00447982
0.00432634
0.00074681
0.00848519
0.00211673
0.00759865
0.0120011
0.01166
0.0045628
0.0643808
1661.33
0.0081276
0.00622782
0.00341077
0.0129497
0.00135429
0.00682259
0.00741531
0.00526269
0.00148094
0.00374244
0.000590036
0.00197346
0.00174071
0.000208694
0.00252036
0.000522103
0.00191413
0.00207206
0.00117524
0.000503493
0.00161708
0.00152685
0.0011553
0.00151882
0.001031
0.000738196
0.000248597
0.000566992
8.80841e-05
0.000807675
0.000520645
0.00123113
0.00108952
0.000926026
0.000234472
0.000973944
0.000412405
0.000371567
0.000680649
0.000443542
0.000604148
0.000275783
0.00029154
0.000621016
0.000165488
0.000619708
0.000569309
0.000574268
0.00018668
0.000502349
0.00024179
0.000231506
0.000460316
0.000157777
0.000488185
0.000438038
0.000377564
9.31544e-05
0.00040324
0.000315102
0.000318849
0.000255691
0.000140117
8.66755e-05
6.10043e-05
0.000174973
0.000228521
0.000276187
0.000222047
0.00027113
1.50049e-05
0.000197049
0.000199872
0.000131537
0.000123276
6.76207e-05
7.53237e-05
5.36163e-05
0.000188088
8.03366e-05
7.85275e-05
0.00011553
6.94655e-05
0.000169395
0.000178428
8.57297e-05
7.31044e-05
1.57406e-05
9.43576e-06
9.68565e-05
2.7552e-05
4.87861e-05
4.82689e-05
5.54298e-05
4.55872e-05
3.99848e-05
5.93506e-06
8.67738e-05
6.35543e-05
5.16473e-05
5.59682e-05
4.27594e-05
3.91208e-05
5.03343e-05
3.99213e-05
6.78908e-05
4.72683e-05
2.61076e-05
5.23783e-05
4.23762e-05
2.69501e-05
5.20705e-06
2.03099e-05
6.97684e-06
3.26853e-05
1.28623e-05
1.53044e-05
3.39566e-05
1.13877e-05
3.26008e-06
2.60978e-06
9.04796e-06
1.72508e-05
5.87932e-06
7.8859e-06
8.87859e-06
2.4309e-06
3.28845e-05
6.03199e-06
4.67368e-06
9.29991e-06
1.59985e-05
1.89063e-05
8.59335e-06
1.08734e-05
1.90119e-05
5.06677e-06
2.13942e-05
2.35283e-05
9.30034e-06
2.1404e-05
2.64808e-05
9.05055e-06
9.79553e-06
6.84522e-06
2.43028e-05
6.87267e-06
2.27571e-05
4.09271e-05
5.45441e-05
3.32269e-05
2.18317e-05
1.44483e-05
3.47366e-05
2.47819e-05
1.56669e-05
2.35235e-05
2.19644e-05
1.49792e-05
4.84961e-05
2.63137e-05
5.49864e-05
2.09318e-05
2.71597e-05
2.15703e-05
2.80461e-05
2.87003e-05
4.30315e-05
2.81242e-05
5.09196e-05
3.36047e-05
2.51172e-05
4.65092e-05
8.87606e-06
3.4674e-05
5.91309e-05
6.67816e-05
1.16607e-05
4.32625e-05
6.09674e-06
0.000108737
9.7448e-05
5.28211e-05
0.000105012
4.77595e-05
0.000107872
0.000103623
2.43071e-05
6.75361e-05
1.91717e-05
8.64765e-05
3.57083e-05
0.000108038
0.00010322
6.16331e-05
9.18433e-05
2.27857e-05
9.20505e-05
6.43185e-05
0.000107643
0.000124225
5.16123e-05
7.92536e-05
5.90156e-05
3.81717e-05
0.000136799
2.0088e-05
8.70081e-05
9.09547e-05
9.75186e-05
0.000138758
0.000145531
0.000100648
0.000112666
0.00011545
0.00010185
0.000184998
0.000114963
0.000290637
0.000191271
0.000236404
0.0001581
0.000311093
0.00011747
0.000225722
6.68527e-05
0.000175089
0.000147149
0.00011728
0.000148129
2.70504e-05
0.00027108
0.000148417
0.000456033
0.000273881
0.000450464
0.000445142
0.000246096
0.000532821
0.000274003
0.000467638
0.000407041
0.000380781
0.000580715
0.000175893
0.000242806
0.000683644
0.000795085
0.000834353
0.000569799
0.00169653
0.00145286
0.00197729
0.00373015
0.00537018
185.799
0.00598689
0.00195434
0.000604318
0.00147542
0.00114378
0.00151747
0.000575993
0.000913803
0.000337487
0.000172037
0.000382848
0.000233966
0.000431678
0.000133045
0.000133584
0.000294104
0.00043291
0.000183955
0.000287109
0.00034636
0.000163206
0.00017286
0.000308264
9.80382e-05
0.00012113
0.000151007
0.000207793
0.000103655
0.000184767
0.00021994
0.00010558
0.000144403
0.00012449
9.14786e-05
0.000111116
0.000111512
3.27785e-05
9.01051e-05
5.7876e-05
4.70503e-05
3.17469e-05
8.34127e-05
3.88024e-05
6.20484e-05
0.000100696
4.33839e-05
5.67388e-05
6.96434e-05
8.47889e-05
9.98395e-05
4.02469e-05
7.54697e-05
6.52475e-05
4.41086e-05
6.50707e-05
4.86648e-05
8.47561e-06
6.13221e-05
7.67566e-05
3.74153e-05
7.91545e-05
4.82862e-05
7.68737e-05
4.86437e-05
4.8392e-05
5.175e-05
1.55352e-05
6.62162e-05
4.17686e-05
5.04492e-05
2.87961e-05
3.79506e-05
4.95005e-05
8.75185e-06
5.54434e-05
4.065e-05
2.6199e-05
4.78073e-05
1.35494e-05
8.80043e-06
1.03332e-05
2.65891e-05
9.04195e-06
2.4268e-05
1.64864e-05
2.16342e-05
2.91218e-05
9.40851e-06
2.04644e-05
3.35522e-05
3.02276e-06
3.04252e-05
2.29398e-05
2.28111e-05
1.72249e-05
1.26756e-05
1.32535e-05
7.12599e-06
5.82293e-06
2.42368e-05
5.61703e-06
7.29471e-06
2.18957e-05
8.28231e-06
4.55483e-06
1.61906e-05
5.97295e-06
7.97417e-06
1.01321e-05
1.49596e-06
1.22418e-05
3.23244e-06
8.49556e-06
1.16437e-05
1.30494e-05
9.02632e-06
2.37773e-06
2.21471e-06
4.49271e-06
4.71669e-06
6.331e-06
3.00021e-06
4.37685e-06
5.3918e-06
3.97094e-06
3.07675e-06
6.08943e-06
3.04111e-06
3.74238e-06
5.16219e-06
2.54539e-06
2.1305e-06
9.35727e-07
2.10522e-06
1.89437e-06
5.21593e-06
8.82147e-06
7.60686e-06
6.60543e-06
8.60573e-06
8.08493e-06
5.46327e-06
3.30855e-06
6.68044e-06
7.57077e-06
6.33831e-06
3.28142e-06
1.27703e-05
4.16968e-06
6.35497e-06
1.92336e-05
4.94533e-06
8.44171e-06
8.71984e-06
9.45491e-06
1.60899e-05
2.1367e-05
5.18747e-06
1.25045e-05
1.64067e-05
1.80284e-05
5.22273e-06
2.80824e-06
8.9187e-06
1.68883e-05
2.04676e-05
1.39738e-05
1.79823e-05
1.02173e-05
2.54021e-05
3.16456e-05
2.01986e-05
1.44125e-05
1.19566e-05
1.47827e-05
2.24533e-05
2.91981e-05
2.3289e-05
2.50245e-05
3.33766e-05
3.6777e-05
2.55987e-05
1.43173e-05
1.9187e-05
2.34693e-05
3.73116e-05
9.85042e-06
2.28309e-05
2.03875e-05
2.97477e-05
8.39214e-06
3.02071e-05
3.72375e-05
3.23353e-05
3.29224e-05
2.7411e-05
4.15427e-05
4.90114e-05
3.78659e-05
2.71235e-05
1.59068e-05
4.44645e-05
2.0179e-05
1.40652e-05
9.17489e-06
1.18022e-05
2.8153e-05
4.57553e-05
2.61169e-05
3.57974e-05
6.45807e-05
6.64768e-05
4.58221e-05
8.28379e-05
3.12047e-05
4.66057e-05
3.31866e-05
4.01374e-05
5.9119e-05
3.6461e-05
1.57456e-05
7.14103e-05
5.8844e-05
1.5896e-05
6.81748e-05
4.60453e-05
9.05861e-05
6.4836e-05
3.25113e-05
2.9067e-05
4.67518e-05
0.000102023
5.46163e-05
3.67118e-05
7.91722e-05
0.000118236
0.00011299
0.000192479
0.000206836
0.000191374
0.000107597
0.000101203
0.000190955
8.83842e-05
0.000115806
6.22046e-05
0.00010101
0.000117534
0.000388687
0.000351634
0.000412129
0.000875704
0.000289334
0.000103626
0.000562116
67.7552
0.001553
0.000869958
0.000620219
0.000464076
0.000367149
0.000435322
0.000213384
0.00021114
0.000129557
0.000124015
0.000196994
0.000149527
0.000228987
0.000164436
0.000143217
0.000111324
6.15539e-05
0.000147446
3.7256e-05
4.82706e-05
0.000102614
8.67335e-05
0.000102507
3.31445e-05
2.29931e-05
8.11249e-05
8.39667e-05
6.3364e-05
8.67601e-05
7.56806e-05
0.000112559
0.000104481
7.73756e-05
2.19557e-05
3.29102e-05
9.54428e-05
2.97741e-05
7.09796e-05
1.12042e-05
2.53573e-05
4.85944e-05
2.86088e-05
3.9325e-05
2.25399e-05
4.01028e-05
2.44196e-05
4.57302e-05
2.86606e-05
4.30355e-05
4.61722e-05
4.26772e-05
2.48363e-05
1.5448e-05
1.43012e-05
6.32524e-06
6.45685e-05
4.7569e-05
4.9405e-05
4.01774e-05
2.82237e-05
4.14269e-05
1.26933e-05
3.45622e-05
1.30713e-05
3.66724e-05
1.43582e-05
3.06827e-05
1.79928e-05
1.60276e-05
2.7195e-05
1.68999e-05
1.66509e-05
3.03625e-05
6.25254e-06
7.88732e-06
1.28609e-05
1.82189e-05
1.23762e-05
1.74545e-05
2.08878e-05
1.421e-05
1.96081e-05
9.91002e-06
1.02287e-05
1.25792e-05
2.38625e-05
2.19312e-05
2.51714e-05
2.13684e-05
1.98436e-05
1.67048e-06
1.44798e-05
9.16428e-06
6.70923e-06
6.67231e-06
8.4616e-06
8.72672e-06
8.12171e-06
1.07643e-05
9.76419e-06
3.24063e-06
9.65555e-06
7.36907e-06
6.31084e-06
7.01741e-06
2.62896e-06
1.19064e-05
7.03176e-06
5.21571e-06
3.35614e-06
1.24416e-05
6.50335e-06
8.04773e-06
6.11989e-06
6.03884e-06
2.5355e-06
4.78205e-06
4.228e-06
4.74352e-06
2.50169e-06
3.10163e-06
2.69947e-06
3.54064e-06
1.66787e-06
1.61119e-06
3.34817e-06
1.02784e-06
3.47948e-06
2.47202e-06
1.91083e-06
1.26367e-06
4.52343e-06
1.29345e-06
1.79996e-06
8.06119e-08
5.88072e-06
6.53249e-06
2.5186e-06
5.22318e-06
1.89428e-06
3.92533e-06
6.41897e-07
2.86686e-06
7.43925e-06
1.09963e-05
2.00826e-06
4.59186e-06
7.55824e-06
5.50422e-06
8.52439e-06
2.56807e-06
2.61213e-06
7.60306e-06
1.20295e-05
8.69595e-06
9.16145e-06
3.67503e-06
5.56601e-06
9.82837e-06
1.10536e-05
7.83681e-06
9.57597e-06
8.08043e-06
1.685e-05
1.15481e-05
5.38203e-06
1.17666e-05
1.6686e-05
1.47673e-05
1.98611e-05
1.96602e-05
1.27968e-05
1.33664e-05
1.75453e-05
1.74451e-05
1.86705e-05
1.63842e-05
2.14038e-05
7.83613e-06
1.92863e-05
2.04875e-05
2.40139e-05
1.91091e-05
8.35375e-06
9.52913e-06
1.68206e-05
1.23594e-05
2.75688e-05
1.85352e-05
1.34353e-05
2.99617e-05
8.69102e-06
1.574e-05
3.3384e-05
2.82199e-05
1.60079e-05
2.22887e-05
3.46069e-05
9.69562e-06
3.20754e-05
1.17644e-05
2.38146e-05
6.6007e-06
4.17674e-05
2.34229e-05
1.53206e-05
2.65559e-05
3.64259e-05
1.95466e-05
2.94877e-05
1.00454e-05
1.06572e-05
1.92683e-05
3.24639e-05
5.75085e-05
1.38228e-05
1.26358e-05
2.71007e-05
4.61077e-05
1.25539e-05
5.15034e-05
5.92431e-05
2.18743e-05
6.46028e-05
6.6532e-05
1.96293e-05
1.68635e-05
2.86291e-05
4.74649e-05
3.733e-05
5.88896e-05
6.65519e-05
5.19611e-05
4.02512e-05
1.94244e-05
5.30428e-05
8.19298e-05
4.59584e-05
9.77975e-06
7.09147e-05
7.4822e-05
9.22715e-05
0.00011921
5.88088e-05
0.000146712
0.000237308
0.000106314
0.000227208
0.000284186
0.000350619
0.000418002
0.000259878
0.000731643
0.000764832
0.000366177
35.2474
0.000556389
0.000879137
0.000151064
0.000201177
0.000187238
0.000157027
0.000103236
7.26286e-05
0.000160641
6.85946e-05
4.15893e-05
0.000116645
4.10226e-05
2.46179e-05
0.000118995
8.25619e-05
3.16751e-05
8.64374e-05
4.4189e-05
6.12031e-05
2.46054e-05
0.000100603
2.21778e-05
2.41027e-05
1.57833e-05
6.37864e-05
6.85893e-05
5.24564e-05
5.88807e-05
6.11192e-05
2.99313e-05
2.73157e-05
3.60012e-05
4.43866e-05
1.55775e-05
2.54344e-05
1.15485e-05
1.25217e-06
3.46631e-05
2.28348e-05
2.47282e-05
2.32701e-05
2.37633e-05
3.36962e-05
3.89725e-05
1.5159e-05
3.16917e-05
2.06746e-05
4.23044e-05
2.62109e-05
2.73869e-05
4.02223e-05
2.58286e-06
2.2281e-05
1.23675e-05
1.88663e-05
1.17225e-05
1.26864e-05
1.60904e-05
2.22057e-05
8.07349e-06
1.76728e-05
4.82401e-06
1.12446e-05
4.56751e-06
1.83778e-05
1.58786e-05
9.31743e-06
1.06573e-05
1.9429e-05
9.01898e-06
1.39346e-05
1.23084e-05
9.85698e-06
1.58347e-05
1.77591e-05
2.01937e-05
1.02017e-05
1.44079e-05
2.07555e-06
1.28414e-05
7.57282e-06
6.97139e-06
1.01544e-05
2.74967e-06
6.99598e-06
1.1775e-05
7.66285e-06
5.87468e-06
4.99483e-06
3.39714e-06
5.6414e-06
9.63918e-06
7.50906e-06
4.21078e-06
8.03012e-06
3.07925e-06
7.54745e-06
7.94843e-06
9.23109e-06
1.01626e-05
6.30056e-06
5.38552e-06
5.54876e-06
6.10483e-06
7.37948e-06
1.4808e-06
1.52527e-06
2.87749e-06
1.74962e-06
3.2199e-06
3.33308e-06
6.44669e-06
4.16188e-07
2.52949e-06
2.95379e-06
4.69446e-07
1.80283e-06
2.31652e-06
4.56166e-07
1.71141e-06
4.55806e-06
3.77138e-07
3.92298e-06
9.932e-07
2.07414e-06
9.34922e-07
