0.000146954
0.0311775
0.0624409
0.0936143
0.124901
0.1561
0.187396
0.218629
0.249874
0.281129
0.312346
0.34362
0.374898
0.40614
0.437391
0.468646
0.499901
0.531152
0.562397
0.593659
0.624897
0.656157
0.687422
0.718627
0.749939
0.781184
0.812419
0.843732
0.874944
0.906233
0.937508
0.96877
1.00001
0.968736
0.937453
0.906262
0.875052
0.843751
0.812523
0.781275
0.750019
0.718812
0.68758
0.656301
0.625049
0.5938
0.56254
0.531286
0.500037
0.468779
0.437526
0.406284
0.375036
0.343783
0.312533
0.281296
0.249998
0.21878
0.187495
0.156214
0.124936
0.0936798
0.0624436
0.0311112
0.000163282
0.0311165
0.0623407
0.0935784
0.124828
0.156081
0.187349
0.218556
0.24984
0.28108
0.312323
0.343576
0.374806
0.406067
0.437315
0.468568
0.499817
0.531063
0.562307
0.593571
0.624815
0.656074
0.687287
0.718546
0.749807
0.781117
0.812348
0.843576
0.874868
0.90615
0.937419
0.968667
0.999892
0.968718
0.937409
0.906195
0.874973
0.843737
0.812553
0.781286
0.750017
0.718789
0.687553
0.656315
0.625053
0.593825
0.562576
0.531328
0.500075
0.468832
0.437594
0.406319
0.3751
0.343841
0.312583
0.281326
0.250087
0.218866
0.187568
0.156282
0.12501
0.0937534
0.0625151
0.0313068
9.15875e-05
0.0312256
0.0624662
0.0937201
0.12499
0.156178
0.187388
0.218628
0.249882
0.28114
0.3124
0.343634
0.37488
0.406123
0.437373
0.468627
0.499875
0.531117
0.56238
0.593621
0.624853
0.65612
0.687341
0.71859
0.749831
0.781146
0.812356
0.843645
0.874928
0.906176
0.937402
0.968718
1.00001
0.968659
0.937516
0.906233
0.874945
0.843739
0.812513
0.781269
0.750046
0.718782
0.687534
0.656305
0.625047
0.59381
0.562566
0.531303
0.50004
0.468799
0.437574
0.406316
0.375071
0.343847
0.31255
0.281271
0.250095
0.21877
0.187545
0.156239
0.125055
0.0937935
0.0624571
0.0312574
6.8836e-05
0.0312198
0.0624764
0.0936694
0.12499
0.156207
0.187377
0.218657
0.249876
0.281129
0.312373
0.343658
0.374883
0.406132
0.43738
0.468642
0.499881
0.531152
0.562389
0.593646
0.624869
0.656111
0.68741
0.718629
0.749905
0.781155
0.812392
0.843695
0.874978
0.90623
0.93745
0.968751
1.00002
0.968756
0.93757
0.906255
0.875013
0.843844
0.812561
0.781317
0.750075
0.718863
0.687631
0.65637
0.625124
0.593848
0.562613
0.531357
0.500115
0.468872
0.437618
0.406402
0.375106
0.343868
0.312634
0.281366
0.250102
0.218867
0.187578
0.156288
0.125031
0.0938189
0.062533
0.0312832
0.000145468
0.0312894
0.0625246
0.0937145
0.125007
0.156235
0.187425
0.218688
0.249907
0.281153
0.312399
0.343632
0.374895
0.406148
0.43738
0.468651
0.499902
0.531143
0.562387
0.59363
0.624873
0.656145
0.687435
0.718661
0.749888
0.781141
0.812373
0.843681
0.87495
0.906181
0.937478
0.968732
0.999941
0.968725
0.937481
0.906279
0.875034
0.843781
0.812584
0.781331
0.750078
0.718851
0.687584
0.656333
0.625088
0.593843
0.562602
0.531361
0.500114
0.468834
0.437612
0.40635
0.375109
0.343897
0.312642
0.281366
0.250069
0.218838
0.187634
0.156378
0.125057
0.0937809
0.0625481
0.031257
8.27563e-05
0.0313172
0.0625501
0.093724
0.124961
0.156214
0.187434
0.218694
0.249955
0.281192
0.312443
0.343667
0.374944
0.406172
0.437399
0.468677
0.499947
0.531183
0.562446
0.593649
0.624907
0.656192
0.68742
0.718644
0.749902
0.781147
0.812408
0.843635
0.874927
0.906269
0.937454
0.968798
0.999979
0.968718
0.937518
0.90625
0.87503
0.843792
0.812597
0.781338
0.750115
0.718844
0.687622
0.656364
0.625055
0.59382
0.562606
0.53131
0.500104
0.468844
0.437612
0.406343
0.375074
0.343855
0.312593
0.281387
0.250133
0.218806
0.187562
0.156258
0.125012
0.093815
0.0624744
0.0313019
6.30088e-05
0.0312114
0.0624737
0.093726
0.124918
0.156154
0.18743
0.218683
0.24994
0.281179
0.312413
0.343644
0.374893
0.406143
0.437395
0.468655
0.499902
0.531111
0.56238
0.593626
0.624854
0.656178
0.687433
0.718711
0.74992
0.781187
0.812398
0.84365
0.874949
0.906277
0.937431
0.968739
0.999974
0.968759
0.937548
0.906279
0.875083
0.843824
0.812558
0.781354
0.75009
0.718854
0.687634
0.656375
0.625133
0.59386
0.562608
0.531368
0.50012
0.468856
0.437586
0.406364
0.37515
0.343897
0.312604
0.281404
0.250136
0.218854
0.187641
0.156381
0.125086
0.0937625
0.0625167
0.0312475
9.55947e-05
0.0313056
0.0625537
0.0937603
0.125033
0.156185
0.187454
0.218672
0.249936
0.281154
0.312427
0.343673
0.374968
0.406186
0.437444
0.468686
0.49992
0.531162
0.56242
0.593653
0.624892
0.656149
0.687397
0.71862
0.749941
0.781201
0.812484
0.843684
0.875019
0.906271
0.93754
0.968728
1.00005
0.968783
0.937515
0.906297
0.875101
0.843824
0.812572
0.781327
0.75006
0.718844
0.687589
0.656333
0.625092
0.593866
0.562604
0.531346
0.500123
0.468878
0.437643
0.406412
0.375149
0.343855
0.312588
0.281365
0.250118
0.218892
0.187624
0.156353
0.125052
0.0938518
0.0625274
0.0313029
0.000162142
0.0312985
0.0624911
0.0938032
0.124999
0.1562
0.187468
0.218664
0.249959
0.281171
0.312442
0.343675
0.374928
0.406148
0.437427
0.468679
0.499948
0.531187
0.562438
0.593656
0.62494
0.656175
0.687414
0.718631
0.749966
0.781206
0.812455
0.843718
0.874987
0.90626
0.937526
0.968796
1.00007
0.968732
0.93751
0.906286
0.875061
0.843843
0.812579
0.78136
0.750139
0.718872
0.68765
0.656341
0.625086
0.593836
0.562593
0.531355
0.500081
0.468821
0.437622
0.406386
0.375159
0.34391
0.312596
0.281339
0.250115
0.218865
0.187548
0.156312
0.125089
0.0937729
0.0625737
0.0312711
6.64443e-05
0.0313012
0.062499
0.0937239
0.124976
0.156206
0.187461
0.218714
0.249938
0.281162
0.312426
0.343654
0.374906
0.406176
0.437416
0.468668
0.499924
0.531148
0.562424
0.593617
0.624868
0.656148
0.68747
0.718688
0.7499
0.781188
0.812456
0.843733
0.874986
0.906218
0.937537
0.968739
1.00001
0.968789
0.937515
0.906292
0.875023
0.843809
0.812578
0.781333
0.750104
0.718847
0.6876
0.656398
0.625151
0.593894
0.562665
0.531423
0.50007
0.468855
0.437608
0.406337
0.375119
0.343893
0.312618
0.281365
0.250132
0.218913
0.187639
0.156371
0.125133
0.0938241
0.0625489
0.0313048
4.20764e-05
0.0313049
0.0625464
0.0937263
0.125022
0.156206
0.187477
0.218669
0.249906
0.281174
0.312422
0.3437
0.374957
0.406204
0.437439
0.468704
0.49994
0.531176
0.562376
0.593664
0.624911
0.656189
0.687381
0.718625
0.749914
0.781179
0.812404
0.843703
0.874966
0.906179
0.937457
0.968687
1.00005
0.968798
0.937513
0.906272
0.875051
0.843795
0.8126
0.781337
0.750085
0.718831
0.687605
0.656331
0.625092
0.593858
0.562608
0.531366
0.500104
0.468865
0.437665
0.406417
0.375137
0.34389
0.312605
0.281359
0.250189
0.218849
0.187646
0.156286
0.125092
0.0937484
0.0625637
0.0312198
0.000140848
0.031255
0.0625375
0.093779
0.124968
0.156254
0.187508
0.218656
0.249902
0.281132
0.312449
0.343661
0.374943
0.40613
0.437401
0.468644
0.49989
0.531163
0.562369
0.593661
0.624899
0.656154
0.687355
0.71874
0.749938
0.781247
0.812501
0.843703
0.874943
0.906216
0.937532
0.968751
1.00007
0.968717
0.937497
0.906244
0.87512
0.843814
0.812641
0.781377
0.750168
0.718877
0.687624
0.656404
0.625123
0.593868
0.56263
0.531438
0.50011
0.468929
0.437571
0.406347
0.375124
0.343845
0.312596
0.28135
0.250094
0.218799
0.187581
0.156333
0.125054
0.0937645
0.0625547
0.0313031
0.000161486
0.0313131
0.0624495
0.093768
0.125024
0.156214
0.187444
0.218633
0.249884
0.281168
0.312409
0.343603
0.37493
0.4061
0.437423
0.468711
0.499995
0.531232
0.562439
0.593687
0.624968
0.656152
0.687446
0.71868
0.749902
0.781145
0.812399
0.843665
0.874939
0.906231
0.937531
0.968721
1.00006
0.968722
0.937605
0.906308
0.875085
0.843887
0.812618
0.781415
0.750185
0.718839
0.687552
0.656333
0.625092
0.593828
0.562627
0.531324
0.500082
0.468828
0.437562
0.406411
0.375182
0.343896
0.312569
0.281349
0.250092
0.218858
0.187616
0.156372
0.125123
0.0937897
0.0625764
0.0312299
0.000155288
0.0312337
0.0625022
0.0937128
0.125036
0.156277
0.187531
0.218706
0.24998
0.281176
0.312468
0.343684
0.374998
0.406195
0.437422
0.468649
0.499996
0.531208
0.562473
0.593668
0.624919
0.656162
0.687394
0.718611
0.749929
0.781205
0.812474
0.843737
0.87497
0.906191
0.937506
0.968757
1.00007
0.968758
0.937536
0.90629
0.875038
0.843796
0.812582
0.781359
0.75014
0.718837
0.687644
0.656365
0.6251
0.59386
0.562605
0.531368
0.500154
0.468847
0.437635
0.406392
0.375106
0.343927
0.312697
0.281378
0.250182
0.218928
0.187604
0.156312
0.125038
0.0938419
0.0625511
0.0312776
6.27263e-05
0.0312961
0.0624532
0.0937678
0.125017
0.156243
0.187425
0.218692
0.249928
0.281141
0.312415
0.343668
0.374885
0.406177
0.437425
0.468628
0.499902
0.531182
0.562416
0.593658
0.624919
0.656169
0.687414
0.718671
0.74996
0.781195
0.812484
0.843727
0.875028
0.906259
0.937551
0.968819
1.00001
0.968792
0.937493
0.906329
0.87508
0.843867
0.812616
0.781399
0.750137
0.718921
0.687658
0.656432
0.625178
0.593953
0.562672
0.531452
0.500176
0.468975
0.437597
0.406366
0.375063
0.343906
0.312616
0.281367
0.250092
0.218871
0.187617
0.156322
0.125101
0.0938347
0.0625512
0.0312998
0.000169363
0.0312655
0.0624925
0.0938242
0.124983
0.156264
0.187405
0.218677
0.249891
0.281133
0.312405
0.343622
0.37488
0.406258
0.43747
0.468719
0.499944
0.531252
0.562467
0.593717
0.624993
0.656178
0.687419
0.718741
0.749895
0.781173
0.812472
0.843701
0.874942
0.906184
0.937474
0.968775
1.00008
0.968787
0.937499
0.906303
0.875097
0.843885
0.812654
0.781393
0.750115
0.718819
0.687586
0.656357
0.625115
0.59386
0.562596
0.531386
0.500096
0.468861
0.437628
0.406369
0.375098
0.343899
0.312609
0.281402
0.2501
0.218891
0.187674
0.156355
0.125142
0.0938022
0.0626056
0.0312621
