2732
2728
2716.5
2698
2672.99
2641.98
2605.47
2563.95
2517.92
2467.88
2414.34
2357.79
2298.72
2237.64
2175.06
2111.45
2047.34
1983.2
1919.55
1856.89
1795.7
1736.5
1679.77
1626.02
1575.75
1529.46
1487.64
1450.8
1419.43
1394.04
1375.11
1363.16
1358.67
1362.16
1373.11
1391.04
1415.45
1445.84
1481.71
1522.57
1567.92
1617.26
1670.09
1725.93
1784.26
1844.6
1906.44
1969.3
2032.66
2096.05
2158.95
2220.87
2281.32
2339.79
2395.8
2448.84
2498.41
2544.02
2585.18
2621.38
2652.13
2676.93
2695.28
2706.69
2710.66
2706.69
2695.28
2676.92
2652.11
2621.34
2585.11
2543.91
2498.25
2448.6
2395.48
2339.36
2280.76
2220.16
2158.06
2094.95
2031.34
1967.7
1904.55
1842.37
1781.66
1722.92
1666.63
1613.3
1563.43
1517.49
1476
1439.44
1408.31
1383.11
1364.33
1352.47
1348.02
1351.47
1362.33
1380.12
1404.33
1434.48
1470.07
1510.6
1555.59
1604.54
1656.96
1712.35
1770.22
1830.08
1891.44
1953.8
2016.66
2079.55
2141.95
2203.39
2263.36
2321.37
2376.93
2429.55
2478.74
2523.99
2564.82
2600.74
2631.24
2655.85
2674.06
2685.38
2689.31
2685.38
2674.05
2655.84
2631.22
2600.7
2564.75
2523.88
2478.57
2429.32
2376.61
2320.94
2262.8
2202.68
2141.06
2078.45
2015.34
1952.2
1889.55
1827.86
1767.62
1709.34
1653.5
1600.59
1551.1
1505.52
1464.35
1428.08
1397.2
1372.19
1353.56
1341.78
1337.36
1340.78
1351.56
1369.2
1393.22
1423.12
1458.42
1498.63
1543.26
1591.82
1643.82
1698.77
1756.18
1815.57
1876.43
1938.3
2000.66
2063.05
2124.96
2185.9
2245.4
2302.95
2358.07
2410.27
2459.07
2503.96
2544.47
2580.1
2610.36
2634.77
2652.83
2664.06
2667.97
2664.06
2652.83
2634.76
2610.34
2580.06
2544.4
2503.85
2458.9
2410.04
2357.75
2302.52
2244.84
2185.19
2124.07
2061.95
1999.34
1936.7
1874.54
1813.34
1753.58
1695.76
1640.36
1587.87
1538.77
1493.55
1452.71
1416.72
1386.08
1361.27
1342.78
1331.09
1326.7
1330.09
1340.78
1358.28
1382.1
1411.76
1446.78
1486.66
1530.93
1579.1
1630.68
1685.19
1742.14
1801.05
1861.43
1922.8
1984.66
2046.55
2107.96
2168.42
2227.44
2284.53
2339.21
2390.99
2439.39
2483.93
2524.11
2559.46
2589.48
2613.69
2631.61
2642.75
2646.62
2642.75
2631.61
2613.68
2589.46
2559.42
2524.04
2483.82
2439.23
2390.76
2338.89
2284.1
2226.88
2167.71
2107.07
2045.45
1983.34
1921.2
1859.54
1798.82
1739.54
1682.18
1627.22
1575.15
1526.44
1481.59
1441.07
1405.36
1374.96
1350.35
1332
1320.41
1316.05
1319.41
1330
1347.36
1370.98
1400.4
1435.13
1474.7
1518.61
1566.38
1617.55
1671.61
1728.1
1786.54
1846.43
1907.3
1968.66
2030.05
2090.96
2150.93
2209.47
2266.11
2320.34
2371.71
2419.72
2463.9
2503.76
2538.82
2568.6
2592.61
2610.39
2621.44
2625.28
2621.44
2610.39
2592.61
2568.58
2538.78
2503.69
2463.79
2419.56
2371.48
2320.02
2265.68
2208.92
2150.22
2090.08
2028.95
1967.34
1905.7
1844.53
1784.31
1725.51
1668.61
1614.09
1562.43
1514.11
1469.62
1429.42
1394
1363.85
1339.43
1321.22
1309.72
1305.39
1308.72
1319.23
1336.43
1359.87
1389.04
1423.49
1462.73
1506.28
1553.66
1604.41
1658.04
1714.06
1772.02
1831.42
1891.8
1952.66
2013.55
2073.97
2133.45
2191.51
2247.68
2301.48
2352.43
2400.05
2443.87
2483.4
2518.18
2547.71
2571.54
2589.17
2600.12
2603.94
2600.12
2589.16
2571.53
2547.69
2518.14
2483.33
2443.76
2399.89
2352.2
2301.16
2247.25
2190.96
2132.74
2073.08
2012.45
1951.34
1890.2
1829.53
1769.79
1711.47
1655.03
1600.95
1549.71
1501.79
1457.65
1417.78
1382.64
1352.73
1328.5
1310.45
1299.03
1294.73
1298.03
1308.45
1325.51
1348.75
1377.68
1411.84
1450.76
1493.95
1540.95
1591.27
1644.46
1700.03
1757.5
1816.42
1876.3
1936.66
1997.05
2056.97
2115.96
2173.55
2229.26
2282.62
2333.15
2380.38
2423.84
2463.05
2497.54
2526.83
2550.46
2567.94
2578.81
2582.59
2578.81
2567.94
2550.45
2526.81
2497.5
2462.98
2423.73
2380.21
2332.91
2282.3
2228.83
2172.99
2115.25
2056.08
1995.95
1935.34
1874.7
1814.53
1755.28
1697.43
1641.45
1587.81
1536.99
1489.46
1445.68
1406.13
1371.29
1341.61
1317.58
1299.67
1288.34
1284.08
1287.34
1297.67
1314.59
1337.63
1366.32
1400.2
1438.79
1481.62
1528.23
1578.14
1630.88
1685.99
1742.99
1801.42
1860.8
1920.66
1980.55
2039.98
2098.48
2155.59
2210.84
2263.75
2313.87
2360.71
2403.8
2442.69
2476.89
2505.95
2529.38
2546.72
2557.5
2561.25
2557.5
2546.72
2529.37
2505.93
2476.86
2442.62
2403.7
2360.54
2313.63
2263.43
2210.41
2155.03
2097.77
2039.09
1979.45
1919.34
1859.2
1799.52
1740.76
1683.39
1627.87
1574.68
1524.27
1477.13
1433.71
1394.49
1359.93
1330.49
1306.66
1288.89
1277.66
1273.42
1276.66
1286.89
1303.67
1326.51
1354.96
1388.56
1426.82
1469.29
1515.51
1565
1617.3
1671.95
1728.47
1786.41
1845.3
1904.66
1964.05
2022.98
2081
2137.63
2192.42
2244.89
2294.59
2341.04
2383.77
2422.33
2456.25
2485.06
2508.3
2525.5
2536.19
2539.91
2536.19
2525.5
2508.29
2485.04
2456.21
2422.27
2383.66
2340.87
2294.35
2244.57
2191.99
2137.07
2080.29
2022.09
1962.95
1903.34
1843.7
1784.52
1726.25
1669.35
1614.29
1561.54
1511.55
1464.8
1421.74
1382.84
1348.57
1319.38
1295.74
1278.11
1266.97
1262.77
1265.97
1276.12
1292.75
1315.4
1343.61
1376.91
1414.85
1456.96
1502.79
1551.86
1603.72
1657.91
1713.96
1771.41
1829.8
1888.66
1947.55
2005.98
2063.51
2119.67
2174
2226.03
2275.3
2321.36
2363.74
2401.98
2435.61
2464.18
2487.22
2504.27
2514.88
2518.56
2514.88
2504.27
2487.21
2464.16
2435.57
2401.91
2363.63
2321.2
2275.07
2225.71
2173.57
2119.11
2062.8
2005.09
1946.45
1887.34
1828.2
1769.51
1711.73
1655.31
1600.71
1548.4
1498.84
1452.47
1409.77
1371.2
1337.21
1308.26
1284.82
1267.34
1256.28
1252.11
1255.28
1265.34
1281.82
1304.28
1332.25
1365.27
1402.88
1444.64
1490.07
1538.73
1590.14
1643.87
1699.44
1756.4
1814.3
1872.66
1931.05
1988.99
2046.03
2101.71
2155.57
2207.17
2256.02
2301.69
2343.71
2381.62
2414.97
2443.3
2466.14
2483.05
2493.56
2497.22
2493.56
2483.05
2466.14
2443.28
2414.93
2381.56
2343.6
2301.53
2255.79
2206.84
2155.14
2101.15
2045.32
1988.1
1929.95
1871.34
1812.7
1754.51
1697.21
1641.27
1587.14
1535.27
1486.12
1440.14
1397.8
1359.55
1325.85
1297.14
1273.89
1256.56
1245.59
1241.45
1244.59
1254.56
1270.9
1293.16
1320.89
1353.62
1390.91
1432.31
1477.35
1525.59
1576.57
1629.83
1684.93
1741.4
1798.8
1856.66
1914.55
1971.99
2028.54
2083.75
2137.15
2188.3
2236.74
2282.02
2323.68
2361.27
2394.33
2422.42
2445.07
2461.83
2472.25
2475.88
2472.25
2461.83
2445.06
2422.4
2394.29
2361.2
2323.57
2281.86
2236.51
2187.98
2136.72
2083.19
2027.83
1971.1
1913.45
1855.34
1797.2
1739.51
1682.7
1627.23
1573.56
1522.13
1473.4
1427.82
1385.84
1347.91
1314.49
1286.03
1262.97
1245.78
1234.91
1230.8
1233.91
1243.78
1259.98
1282.04
1309.53
1341.98
1378.95
1419.98
1464.63
1512.45
1562.99
1615.79
1670.41
1726.4
1783.3
1840.66
1898.05
1955
2011.06
2065.79
2118.73
2169.44
2217.46
2262.35
2303.65
2340.91
2373.69
2401.53
2423.99
2440.61
2450.94
2454.53
2450.94
2440.6
2423.98
2401.51
2373.65
2340.84
2303.54
2262.18
2217.23
2169.12
2118.3
2065.23
2010.35
1954.11
1896.95
1839.34
1781.7
1724.5
1668.18
1613.19
1559.98
1508.99
1460.68
1415.49
1373.87
1336.26
1303.13
1274.91
1252.05
1235
1224.22
1220.14
1223.22
1233.01
1249.06
1270.93
1298.17
1330.33
1366.98
1407.65
1451.91
1499.32
1549.41
1601.75
1655.89
1711.39
1767.8
1824.66
1881.55
1938
1993.57
2047.83
2100.31
2150.58
2198.18
2242.68
2283.62
2320.56
2353.05
2380.65
2402.91
2419.38
2429.62
2433.19
2429.62
2419.38
2402.9
2380.63
2353.01
2320.49
2283.51
2242.51
2197.95
2150.25
2099.88
2047.27
1992.86
1937.11
1880.45
1823.34
1766.2
1709.5
1653.67
1599.15
1546.4
1495.86
1447.96
1403.16
1361.9
1324.62
1291.77
1263.79
1241.13
1224.23
1213.53
1209.48
1212.53
1222.23
1238.14
1259.81
1286.81
1318.69
1355.01
1395.32
1439.2
1486.18
1535.83
1587.71
1641.38
1696.39
1752.3
1808.66
1865.05
1921
1976.09
2029.87
2081.89
2131.71
2178.9
2223
2263.59
2300.2
2332.41
2359.77
2381.83
2398.16
2408.31
2411.84
2408.31
2398.16
2381.82
2359.75
2332.37
2300.13
2263.48
2222.84
2178.66
2131.39
2081.46
2029.31
1975.38
1920.11
1863.95
1807.34
1750.7
1694.5
1639.15
1585.12
1532.82
1482.72
1435.24
1390.83
1349.93
1312.98
1280.41
1252.67
1230.21
1213.45
1202.84
1198.83
1201.84
1211.45
1227.21
1248.69
1275.45
1307.04
1343.04
1383
1426.48
1473.04
1522.25
1573.67
1626.86
1681.38
1736.8
1792.66
1848.55
1904.01
1958.61
2011.9
2063.46
2112.85
2159.62
2203.33
2243.55
2279.85
2311.77
2338.88
2360.75
2376.94
2387
