2896.54
37.304
37.3367
36.7028
36.9774
36.882
37.02
36.9784
36.9701
36.9707
36.9387
36.9561
36.9729
36.9564
36.9539
36.9458
36.9546
36.9564
36.9669
36.952
36.9609
36.9563
36.9539
36.964
36.9549
36.9594
36.9621
36.9561
36.962
36.9594
36.959
36.9572
36.96
36.9605
36.9619
36.9614
36.9629
36.963
36.9618
36.9628
36.9632
36.9612
36.9575
36.9613
36.9605
36.9606
36.9618
36.9596
36.96
36.9597
36.9581
36.96
36.9601
36.9596
36.9604
36.9618
36.9597
36.9595
36.9599
36.9587
36.9592
36.9587
36.9607
36.9589
36.9596
36.9585
36.9588
36.9591
36.959
36.959
36.9599
36.9597
36.9609
36.9606
36.959
36.9603
36.9587
36.9599
36.959
36.9601
36.9598
36.9592
36.9596
36.959
36.9593
36.9596
36.9605
36.9598
36.9594
36.958
36.9595
36.9602
36.9599
36.9605
36.9598
36.9603
36.96
36.9589
36.96
36.9602
36.9591
36.9601
36.9582
36.9593
36.9604
36.9595
36.9603
36.9594
36.9609
36.9585
36.9607
36.9596
36.9597
36.9595
36.9611
36.9564
36.9613
36.9569
36.9566
36.9573
36.9594
36.9694
36.9594
36.9484
36.9398
36.9337
36.968
37.4066
1175.34
36.901
36.9407
36.9655
36.9807
36.956
36.9519
36.9519
36.9538
36.9575
36.962
36.9594
36.9577
36.958
36.9598
36.9607
36.959
36.959
36.9587
36.9591
36.9589
36.959
36.96
36.9599
36.9606
36.959
36.96
36.9591
36.9595
36.9591
36.9595
36.96
36.9589
36.9595
36.9592
36.9594
36.9597
36.9589
36.9596
36.9598
36.9595
36.9598
36.9595
36.9597
36.9594
36.9594
36.9591
36.9598
36.9589
36.9594
36.9595
36.9597
36.9598
36.9596
36.9593
36.9595
36.9592
36.9595
36.9598
36.9593
36.9594
36.9593
36.959
36.9598
36.9597
36.9594
36.9595
36.9592
36.9593
36.9595
36.9593
36.9593
36.9595
36.9594
36.9597
36.9594
36.9592
36.9592
36.9592
36.9597
36.9595
36.9597
36.9591
36.9594
36.9598
36.9596
36.9592
36.9593
36.9597
36.9594
36.9594
36.9598
36.9595
36.9597
36.9597
36.9594
36.9592
36.9598
36.9591
36.9593
36.9596
36.9595
36.9598
36.9598
36.9593
36.9595
36.9596
36.9592
36.9595
36.9596
36.9598
36.9595
36.9596
36.9593
36.9595
36.9593
36.9595
36.9596
36.9595
36.9595
36.9594
36.9594
36.9593
36.9594
36.9593
36.9595
36.9594
36.9593
36.9595
36.9595
36.9593
36.9595
36.9593
36.9595
36.9596
36.9594
36.9597
36.9594
36.9596
36.9593
36.9596
36.9593
36.9596
36.9595
36.9596
36.9593
36.9593
36.9595
36.9592
36.9595
36.9596
36.9595
36.9594
36.9596
36.9593
36.9594
36.9594
36.9593
36.9594
36.9592
36.9595
36.9594
36.9593
36.9593
36.9593
36.9595
36.9595
36.9592
36.9597
36.9595
36.9595
36.9594
36.9593
36.9594
36.9594
36.9593
36.9595
36.9595
36.9595
36.9595
36.9594
36.9594
36.9593
36.9594
36.9596
36.9595
36.9595
36.9594
36.9592
36.9595
36.9596
36.9596
36.9594
36.9594
36.9595
36.9593
36.9593
36.9595
36.9595
36.9594
36.9594
36.9594
36.9595
36.9594
36.9595
36.9595
36.9596
36.9595
36.9595
36.9592
36.9595
36.9595
36.9595
36.9594
36.9595
36.9594
36.9594
36.9594
36.9594
36.9593
36.9596
36.9593
36.9595
36.9596
36.9595
36.9594
36.9593
36.9592
36.9594
36.9593
36.9596
36.9593
36.9594
36.9594
36.9596
36.9595
36.9595
36.9593
36.9594
36.9593
36.9595
36.9593
36.9593
36.9593
36.9593
36.9595
36.9595
36.9595
36.9594
36.9595
36.9594
36.9593
36.9592
36.9598
36.9584
36.9632
136.475
36.9557
36.9595
36.9597
36.959
36.9591
36.9595
36.9594
36.9594
36.9595
36.9596
36.9597
36.9595
36.9595
36.9593
36.9594
36.9595
36.9596
36.9597
36.9595
36.9594
36.9594
36.9594
36.9594
36.9594
36.9593
36.9594
36.9594
36.9594
36.9595
36.9594
36.9594
36.9597
36.9594
36.9594
36.9595
36.9594
36.9595
36.9594
36.9594
36.9594
36.9595
36.9593
36.9593
36.9594
36.9595
36.9593
36.9593
36.9595
36.9594
36.9594
36.9595
36.9594
36.9593
36.9593
36.9593
36.9594
36.9594
36.9593
36.9595
36.9596
36.9597
36.9596
36.9593
36.9595
36.9595
36.9595
36.9594
36.9594
36.9593
36.9593
36.9594
36.9596
36.9596
36.9596
36.9595
36.9593
36.9594
36.9595
36.9594
36.9595
36.9592
36.9595
36.9594
36.9593
36.9594
36.9594
36.9596
36.9594
36.9595
36.9595
36.9594
36.9596
36.9595
36.9593
36.9594
36.9593
36.9596
36.9595
36.9595
36.9597
36.9594
36.9596
36.9594
36.9595
36.9595
36.9595
36.9595
36.9596
36.9595
36.9595
36.9594
36.9594
36.9593
36.9594
36.9594
36.9595
36.9596
36.9595
36.9595
36.9594
36.9596
36.9594
36.9595
36.9595
36.9595
36.9594
36.9596
36.9595
36.9592
36.9594
36.9593
36.9594
36.9594
36.9593
36.9596
36.9594
36.9595
36.9594
36.9594
36.9595
36.9594
36.9594
36.9594
36.9595
36.9595
36.9593
36.9596
36.9595
36.9593
36.9594
36.9593
36.9595
36.9594
36.9594
36.9596
36.9595
36.9594
36.9595
36.9595
36.9595
36.9594
36.9594
36.9595
36.9594
36.9594
36.9594
36.9594
36.9595
36.9594
36.9593
36.9595
36.9594
36.9595
36.9594
36.9594
36.9594
36.9596
36.9593
36.9594
36.9593
36.9594
36.9593
36.9593
36.9595
36.9593
36.9596
36.9595
36.9594
36.9596
36.9595
36.9594
36.9595
36.9593
36.9594
36.9594
36.9595
36.9594
36.9593
36.9595
36.9595
36.9594
36.9594
36.9594
36.9594
36.9594
36.9595
36.9594
36.9594
36.9594
36.9596
36.9595
36.9594
36.9596
36.9594
36.9594
36.9594
36.9595
36.9595
36.9594
36.9593
36.9592
36.9592
36.9594
36.9594
36.9595
36.9595
36.9595
36.9594
36.9594
36.9595
36.9594
36.9593
36.9594
36.9593
36.9594
36.9595
36.9596
36.9594
36.9593
36.9596
36.9594
36.9594
36.9594
36.9595
36.9595
36.9595
36.9596
36.9595
36.9594
36.9593
36.9594
36.9594
36.9595
36.9595
36.9595
60.508
36.9598
36.9595
36.9593
36.9593
36.9593
36.9595
36.9595
36.9595
36.9594
36.9596
36.9594
36.9594
36.9593
36.9595
36.9595
36.9595
36.9595
36.9595
36.9595
36.9596
36.9595
36.9595
36.9594
36.9594
36.9595
36.9595
36.9595
36.9594
36.9595
36.9594
36.9593
36.9593
36.9595
36.9594
36.9595
36.9594
36.9594
36.9594
36.9595
36.9595
36.9594
36.9595
36.9595
36.9594
36.9595
36.9595
36.9594
36.9595
36.9595
36.9595
36.9594
36.9594
36.9594
36.9595
36.9595
36.9593
36.9594
36.9595
36.9595
36.9594
36.9595
36.9594
36.9594
36.9594
36.9595
36.9594
36.9595
36.9594
36.9595
36.9594
36.9594
36.9594
36.9594
36.9594
36.9595
36.9595
36.9594
36.9595
36.9594
36.9593
36.9594
36.9594
36.9594
36.9594
36.9593
36.9594
36.9595
36.9595
36.9595
36.9594
36.9594
36.9595
36.9595
36.9594
36.9594
36.9594
36.9594
36.9595
36.9594
36.9594
36.9593
36.9595
36.9593
36.9593
36.9595
36.9595
36.9594
36.9594
36.9595
36.9594
36.9594
36.9594
36.9594
36.9595
36.9594
36.9595
36.9595
36.9594
36.9594
36.9594
36.9594
36.9594
36.9594
36.9595
36.9595
36.9595
36.9594
36.9593
36.9594
36.9594
36.9594
36.9595
36.9595
36.9593
36.9593
36.9595
36.9593
36.9594
36.9595
36.9594
36.9595
36.9594
36.9595
36.9595
36.9595
36.9594
36.9594
36.9595
36.9593
36.9594
36.9595
36.9594
36.9594
36.9595
36.9594
36.9594
36.9595
36.9595
36.9594
36.9594
36.9595
36.9595
36.9593
36.9595
36.9594
36.9594
36.9594
36.9594
36.9594
36.9594
36.9596
36.9596
36.9594
36.9594
36.9594
36.9595
36.9593
36.9594
36.9595
36.9592
36.9595
36.9594
36.9595
36.9595
36.9595
36.9595
36.9593
36.9594
36.9594
36.9594
36.9593
36.9595
36.9595
36.9593
36.9595
36.9595
36.9593
36.9593
36.9594
36.9593
36.9595
36.9594
36.9594
36.9595
36.9594
36.9594
36.9595
36.9595
36.9595
36.9594
36.9594
36.9595
36.9594
36.9594
36.9593
36.9594
36.9596
36.9594
36.9595
36.9594
36.9595
36.9594
36.9594
36.9594
36.9596
36.9595
36.9595
36.9596
36.9595
36.9594
36.9595
36.9594
36.9595
36.9593
36.9594
36.9595
36.9593
36.9594
36.9595
36.9595
36.9594
36.9595
36.9594
36.9593
36.9595
36.9593
36.9595
36.9595
36.9594
36.9594
36.9594
36.9594
36.9594
36.9594
36.9594
44.577
36.9595
36.9594
36.9595
36.9596
36.9594
36.9595
36.9595
36.9594
36.9594
36.9593
36.9595
36.9594
36.9594
36.9594
36.9595
36.9595
36.9593
36.9595
36.9594
36.9594
36.9594
36.9594
36.9595
36.9594
36.9595
36.9595
36.9594
36.9594
36.9594
36.9595
36.9594
36.9595
36.9594
36.9594
36.9595
36.9594
36.9595
36.9595
36.9594
36.9595
36.9595
36.9594
36.9594
36.9593
36.9595
36.9594
36.9595
36.9594
36.9594
36.9594
36.9594
36.9595
36.9594
36.9595
36.9595
36.9593
36.9594
36.9594
36.9594
36.9594
36.9594
36.9594
36.9594
36.9594
36.9593
36.9594
36.9594
36.9595
36.9594
36.9595
36.9595
36.9594
36.9594
36.9594
36.9594
36.9594
36.9596
36.9595
36.9595
36.9594
36.9594
36.9595
36.9594
36.9593
36.9595
36.9594
36.9595
36.9595
36.9595
36.9595
36.9595
36.9594
36.9594
36.9594
36.9594
36.9595
36.9595
36.9595
36.9594
36.9596
36.9593
36.9594
36.9596
36.9594
36.9595
36.9596
36.9595
36.9595
36.9595
36.9595
36.9594
36.9592
36.9594
36.9594
36.9594
36.9594
36.9594
36.9594
36.9594
36.9593
36.9595
36.9594
36.9594
36.9594
36.9595
36.9595
36.9595
