0 1015.94
1 0.662835
2 0.930102
3 1.12678
4 0.834915
5 0.490021
6 0.7535
7 0.615135
8 0.146931
9 0.940915
10 0.858331
11 0.299398
12 0.511589
13 0.203161
14 0.0984247
15 0.393832
16 418.236
17 0.899129
18 0.901702
19 0.621255
20 0.437804
21 0.203019
22 0.535746
23 0.421954
24 0.589564
25 0.396566
26 0.577545
27 0.449268
28 0.192392
29 0.237606
30 0.017465
31 0.389322
32 0.551594
33 0.441659
34 0.3602
35 0.236851
36 0.141681
37 0.246187
38 0.464615
39 0.124218
40 0.314606
41 0.400752
42 0.229235
43 0.408783
44 0.279809
45 0.271267
46 0.437757
47 0.399356
48 46.4325
49 0.310934
50 0.336945
51 0.21243
52 0.302697
53 0.398
54 0.0109365
55 0.198566
56 0.163187
57 0.305018
58 0.289579
59 0.264839
60 0.196976
61 0.109354
62 0.0501022
63 0.195235
64 0.413329
65 0.312629
66 0.209941
67 0.121606
68 0.100861
69 0.268609
70 0.183868
71 0.193556
72 0.28539
73 0.082736
74 0.299802
75 0.0526607
76 0.27919
77 0.102301
78 0.126238
79 0.0765288
80 16.6955
81 0.186426
82 0.302911
83 0.160637
84 0.122701
85 0.274946
86 0.289139
87 0.356441
88 0.212447
89 0.0388796
90 0.243203
91 0.210772
92 0.246035
93 0.175899
94 0.348581
95 0.218637
96 0.33235
97 0.264913
98 0.0324549
99 0.194847
100 0.256346
101 0.381557
102 0.158431
103 0.148263
104 0.315299
105 0.174926
106 0.133376
107 0.231203
108 0.245302
109 0.279589
110 0.211287
111 0.239781
112 8.49405
113 0.275269
114 0.276446
115 0.0104477
116 0.123419
117 0.251208
118 0.136496
119 0.156356
120 0.217254
121 0.264625
122 0.213724
123 0.112207
124 0.228205
125 0.301902
126 0.190031
127 0.0217407
128 0.0174685
129 0.132915
130 0.10432
131 0.28239
132 0.116361
133 0.175443
134 0.126049
135 0.272699
136 0.121934
137 0.0416156
138 0.256608
139 0.155755
140 0.0649372
141 0.309187
142 0.222864
143 0.210565
144 5.09279
145 0.232906
146 0.208935
147 0.148554
148 0.152957
149 0.304896
150 0.189144
151 0.0660614
152 0.135785
153 0.156953
154 0.0748782
155 0.275788
156 0.0021897
157 0.0976874
158 0.171157
159 0.337034
160 0.132808
161 0.185842
162 0.217249
163 0.0438618
164 0.154837
165 0.138184
166 0.15875
167 0.240972
168 0.0296217
169 0.035386
170 0.127515
171 0.0879104
172 0.157079
173 0.203729
174 0.392727
175 0.158349
176 3.44413
177 0.081806
178 0.211406
179 0.188771
180 0.273695
181 0.212246
182 0.188078
183 0.184691
184 0.198818
185 0.23159
186 0.228881
187 0.267796
188 0.0269865
189 0.0518812
190 0.0283726
191 0.167023
192 0.294726
193 0.225957
194 0.345191
195 0.00417856
196 0.114307
197 0.0384217
198 0.195118
199 0.194524
200 0.257482
201 0.328341
202 0.326134
203 0.0144622
204 0.0407987
205 0.277352
206 0.0290423
207 0.329066
208 2.49564
209 0.137385
210 0.00607422
211 0.0461733
212 0.0548877
213 0.13853
214 0.129954
215 0.110501
216 0.0288362
217 0.0868073
218 0.126899
219 0.1315
220 0.21331
221 0.030273
222 0.282658
223 0.101852
224 0.281658
225 0.0838526
226 0.0889046
227 0.24071
228 0.24655
229 0.194322
230 0.0300475
231 0.0307298
232 0.220944
233 0.00704604
234 0.0584609
235 0.277031
236 0.205781
237 0.0469328
238 0.112731
239 0.110994
240 1.758
241 0.20867
242 0.212282
243 0.245511
244 0.0539885
245 0.0114448
246 0.244048
247 0.220098
248 0.132774
249 0.304711
250 0.247879
251 0.0111467
252 0.0102195
253 0.0507877
254 0.00777795
255 0.206417
256 0.0424788
257 0.0222308
258 0.168309
259 0.120075
260 0.191024
261 0.148633
262 0.184481
263 0.246497
264 0.112611
265 0.108812
266 0.0731752
267 0.16448
268 0.0344109
269 0.156403
270 0.205224
271 0.0307728
272 1.38062
273 0.0581019
274 0.0801998
275 0.0285259
276 0.234207
277 0.13264
278 0.148738
279 0.178324
280 0.0890674
281 0.236755
282 0.150764
283 0.230398
284 0.161396
285 0.024481
286 0.0808422
287 0.171301
288 0.15411
289 0.124462
290 0.28305
291 0.14724
292 0.00924357
293 0.00569702
294 0.103031
295 0.165121
296 0.174835
297 0.107489
298 0.131937
299 0.0237629
300 0.0963486
301 0.113585
302 0.23576
303 0.186735
304 1.05353
305 0.0716113
306 0.178582
307 0.075965
308 0.170607
309 0.200966
310 0.161116
311 0.229547
312 0.0148535
313 0.0439727
314 0.0682601
315 0.184854
316 0.0597079
317 0.0677946
318 0.208145
319 0.054677
320 0.0145468
321 0.0548835
322 0.174075
323 0.051945
324 0.104507
325 0.158473
326 0.106492
327 0.055363
328 0.0608675
329 0.171397
330 0.0668353
331 0.256371
332 0.187119
333 0.208662
334 0.227962
335 0.294825
336 0.8738
337 0.0378305
338 0.086733
339 0.000565454
340 0.0357767
341 0.149085
342 0.035889
343 0.114748
344 0.115568
345 0.0902567
346 0.168233
347 0.222101
348 0.278317
349 0.258942
350 0.00376166
351 0.0499995
352 0.245911
353 0.107801
354 0.0111113
355 0.0749028
356 0.0996417
357 0.149169
358 0.14921
359 0.148885
360 0.175564
361 0.209386
362 0.247751
363 0.301349
364 0.114083
365 0.0134883
366 0.0711373
367 0.0797172
368 0.794219
369 0.100506
370 0.12778
371 0.173779
372 0.141544
373 0.168724
374 0.216174
375 0.20315
376 0.215781
377 0.134328
378 0.101884
379 0.112661
380 0.129247
381 0.112494
382 0.0343791
383 0.104729
384 0.200659
385 0.115149
386 0.160369
387 0.176604
388 0.234446
389 0.213176
390 0.235368
391 0.11374
392 0.129481
393 0.111764
394 0.0231018
395 0.0847521
396 0.0456762
397 0.064356
398 0.10553
399 0.146902
400 0.65668
401 0.152306
402 0.198492
403 0.256545
404 0.268671
405 0.0304474
406 0.0581956
407 0.136658
408 0.113205
409 0.056073
410 0.0384937
411 0.120306
412 0.134135
413 0.157232
414 0.166158
415 0.21821
416 0.192203
417 0.24153
418 0.0824756
419 0.118236
420 0.0812069
421 0.0932557
422 0.0209603
423 0.0122964
424 0.114075
425 0.157665
426 0.133556
427 0.144626
428 0.131287
429 0.204064
430 0.215741
431 0.247656
432 0.58052
433 0.0250447
434 0.140834
435 0.0299428
436 0.00503503
437 0.0104194
438 0.102199
439 0.100834
440 0.178401
441 0.157828
442 0.209668
443 0.21344
444 0.220259
445 0.242565
446 0.128701
447 0.112022
448 0.0496254
449 0.00811503
450 0.0261108
451 0.0582006
452 0.0703499
453 0.0742887
454 0.164068
455 0.199233
456 0.172674
457 0.210976
458 0.21686
459 0.234027
460 0.0825058
461 0.0468683
462 0.00943313
463 0.122945
464 0.341866
465 0.116487
466 0.140051
467 0.144271
468 0.142444
469 0.197431
470 0.170435
471 0.213001
472 0.206197
473 0.0569442
474 0.121542
475 0.0748851
476 0.0366394
477 0.000389409
478 0.0328076
479 0.13946
480 0.00491044
481 0.103931
482 0.127867
483 0.171748
484 0.187884
485 0.230064
486 0.214533
487 0.0978123
488 0.12425
489 0.0899946
490 0.125083
491 0.0608284
492 0.0805678
493 0.0557035
494 0.160556
495 0.106945
496 0.591108
497 0.166134
498 0.179669
499 0.213067
500 0.211157
501 0.09723
502 0.0661517
503 0.0520208
504 0.0569045
505 0.106629
506 0.0358406
507 0.0818244
508 0.0889192
509 0.168469
510 0.163473
511 0.175792
512 0.419855
513 0.2107
514 0.112017
515 0.132561
516 0.0419713
517 0.0870633
518 0.00414226
519 0.106633
520 0.0241519
521 0.0490706
522 0.0923578
523 0.137965
524 0.196488
525 0.183083
526 0.18361
527 0.202369
528 0.0567867
529 0.0502433
530 0.0232696
531 0.0225242
532 0.0940737
533 0.0649962
534 0.136051
535 0.0987096
536 0.158177
537 0.159652
538 0.197018
539 0.205122
540 0.189892
541 0.217227
542 0.0986719
543 0.0490494
544 0.0393756
545 0.13641
546 0.00077485
547 0.00252751
548 0.0145363
549 0.0956013
550 0.166936
551 0.119142
552 0.202609
553 0.20584
554 0.187609
555 0.0537954
556 0.0581489
557 0.122747
558 0.029699
559 0.127449
560 0.468412
561 0.131925
562 0.0561021
563 0.0455529
564 0.137794
565 0.192739
566 0.16723
567 0.153993
568 0.18718
569 0.15025
570 0.138163
571 0.0771496
572 0.0982454
573 0.0940888
574 0.0531296
575 0.02326
576 0.335095
577 0.153866
578 0.185642
579 0.146837
580 0.154839
581 0.195485
582 0.195627
583 0.105454
584 0.0562085
585 0.0796987
586 0.122099
587 0.0579977
588 0.0304272
589 0.0278385
590 0.0278873
591 0.0806775
592 0.0263787
593 0.113362
594 0.201531
595 0.191408
596 0.179575
597 0.0372912
598 0.118138
599 0.145909
600 0.125838
601 0.0534896
602 0.0295722
603 0.130646
604 0.118636
605 0.189143
606 0.143825
607 0.209995
608 0.0546186
609 0.224486
610 0.101478
611 0.109629
612 0.0398714
613 0.139299
614 0.065998
615 0.0928967
616 0.141265
617 0.0295491
618 0.129127
619 0.0872967
620 0.161955
621 0.173287
622 0.199502
623 0.16368
624 0.303424
625 0.0675954
626 0.0209072
627 0.0665401
628 0.102927
629 0.129305
630 0.0245326
631 0.145121
632 0.0634945
633 0.185041
634 0.147472
635 0.124021
636 0.153826
637 0.18354
638 0.0657265
639 0.105756
640 0.221638
641 0.129154
642 0.0856038
643 0.0095932
644 0.00639111
645 0.0335085
646 0.187577
647 0.100079
648 0.179187
649 0.0968009
650 0.161142
651 0.074055
652 0.0873115
653 0.0898086
654 0.118422
655 0.135188
656 0.365301
657 0.122774
658 0.11297
659 0.0636318
660 0.173405
661 0.140202
662 0.140677
663 0.20644
664 0.131956
665 0.162076
666 0.200646
667 0.206122
668 0.24169
669 0.255075
670 0.271064
671 0.250432
672 0.225816
673 0.15961
674 0.14549
675 0.118245
676 0.128425
677 0.110336
678 0.0842036
679 0.125074
680 0.0585965
681 0.0559378
682 0.0974707
683 0.0864866
684 0.112994
685 0.0805853
686 0.0353095
687 0.14446
688 0.00343966
689 0.178509
690 0.0887882
691 0.161261
692 0.221983
693 0.183
694 0.175261
695 0.155525
696 0.228315
697 0.236172
698 0.226213
699 0.17727
700 0.115737
701 0.101709
702 0.127765
703 0.0805172
704 0.28809
705 0.142794
706 0.0639727
707 0.162007
708 0.129249
709 0.0384147
710 0.108593
711 0.144166
712 0.107725
713 0.0629903
714 0.131802
715 0.175123
716 0.174505
717 0.147912
718 0.196304
719 0.171028
720 0.510117
721 0.231222
722 0.206358
723 0.200857
724 0.213855
725 0.2343
726 0.258189
727 0.134274
728 0.156324
729 0.147177
730 0.113719
731 0.154304
732 0.0863239
733 0.17249
734 0.117968
735 0.136623
736 0.027845
737 0.0879813
738 0.0173544
739 0.142266
740 0.146214
741 0.0758872
742 0.0514244
743 0.164196
744 0.132583
745 0.178331
746 0.185088
747 0.190774
748 0.217205
749 0.241708
750 0.253911
751 0.219596
752 0.168402
753 0.239912
754 0.154566
755 0.147425
756 0.128046
757 0.165314
758 0.113606
759 0.140638
760 0.125677
761 0.102938
762 0.040903
763 0.0389767
764 0.0593444
765 0.0275821
766 0.0504051
767 0.1516
768 0.515491
769 0.129768
770 0.0908106
771 0.0774855
772 0.0986595
773 0.0742399
774 0.210119
775 0.141242
776 0.184596
777 0.192197
778 0.167547
779 0.23117
780 0.19983
781 0.222516
782 0.190703
783 0.161593
784 0.398729
785 0.134808
786 0.0928982
787 0.162297
788 0.171812
789 0.118348
790 0.141763
791 0.11621
792 0.0995106
793 0.111597
794 0.0906283
795 0.026807
796 0.0578005
797 0.158797
798 0.182269
799 0.102411
800 0.0497727
801 0.181075
802 0.16639
803 0.214764
804 0.155655
805 0.223697
806 0.25662
807 0.219805
808 0.215594
809 0.16419
810 0.164714
811 0.16447
812 0.126456
813 0.119772
814 0.107308
815 0.064163
816 0.0992913
817 0.116251
818 0.132583
819 0.104197
820 0.141632
821 0.155951
822 0.129155
823 0.125391
824 0.132113
825 0.121011
826 0.172054
827 0.0919754
828 0.169532
829 0.189959
830 0.218468
831 0.199023
832 0.0485231
833 0.237991
834 0.208013
835 0.257576
836 0.163525
837 0.140968
838 0.141061
839 0.150079
840 0.149582
841 0.0984874
842 0.0981602
843 0.102672
844 0.0541857
845 0.10039
846 0.043605
847 0.154314
848 0.00947046
849 0.13252
850 0.0850872
851 0.1596
852 0.115378
853 0.0994878
854 0.166235
855 0.167204
856 0.169799
857 0.179143
858 0.158139
859 0.182142
860 0.195333
861 0.199557
862 0.222164
863 0.233452
864 0.100052
865 0.14414
866 0.182803
867 0.161472
868 0.14786
869 0.106615
870 0.138666
871 0.101823
872 0.0737998
873 0.0307416
874 0.101855
875 0.102535
876 0.0218074
877 0.0348318
878 0.109383
879 0.135877
880 0.372765
881 0.108586
882 0.151476
883 0.146231
884 0.187509
885 0.188883
886 0.169412
887 0.224529
888 0.212063
889 0.20068
890 0.212409
891 0.162154
892 0.16129
893 0.155245
894 0.19514
895 0.125405
896 0.534379
897 0.0832703
898 0.116601
899 0.129616
900 0.0921862
901 0.0811927
902 0.115229
903 0.0178806
904 0.0071243
905 0.0461821
906 0.108908
907 0.152794
908 0.125318
909 0.107282
910 0.140557
911 0.128048
912 0.147779
913 0.174921
914 0.194301
915 0.191627
916 0.198236
917 0.202983
918 0.225046
919 0.181021
920 0.165494
921 0.136436
922 0.195718
923 0.152452
924 0.139971
925 0.104195
926 0.162392
927 0.167997
928 0.0346262
929 0.0482689
930 0.104909
931 0.0396279
932 0.106485
933 0.116648
934 0.0834892
935 0.0783166
936 0.144154
937 0.119049
938 0.151626
939 0.152342
940 0.194783
941 0.146435
942 0.179567
943 0.192218
944 0.0557097
945 0.21968
946 0.195336
947 0.151881
948 0.194998
949 0.13079
950 0.156255
951 0.1104
952 0.149342
953 0.0986849
954 0.115672
955 0.116204
956 0.0608733
957 0.0648892
958 0.00586595
959 0.131062
960 0.0292403
961 0.0672605
962 0.0868092
963 0.121881
964 0.146832
965 0.144463
966 0.188107
967 0.131436
968 0.173457
969 0.170092
970 0.200651
971 0.190907
972 0.227346
973 0.177558
974 0.214349
975 0.18233
976 0.0813033
977 0.174154
978 0.178914
979 0.144082
980 0.171386
981 0.154568
982 0.0879551
983 0.143004
984 0.153152
985 0.043973
986 0.125642
987 0.0737291
988 0.0484995
989 0.0694256
990 0.0842171
991 0.164547
992 0.0214524
993 0.127964
994 0.154434
995 0.179249
996 0.178363
997 0.209632
998 0.175016
999 0.215181
1000 0.18367
1001 0.197786
1002 0.208733
1003 0.176096
1004 0.174891
1005 0.134786
1006 0.184834
1007 0.114146
1008 0.0437968
1009 0.106531
1010 0.0944183
1011 0.0951688
1012 0.149516
1013 0.0779855
1014 0.00753673
1015 0.0395368
1016 0.0817041
1017 0.127375
1018 0.0827115
1019 0.136706
1020 0.115812
1021 0.176919
1022 0.167383
1023 0.169581
